,tsne1,tsne2,tsne3,class
0,439.95245,53.18152,-214.18619,FH
1,436.96262,46.57713,-163.72482,FH
2,301.83762,-34.526676,-220.01036,FH
3,-248.65045,-18.452238,-371.79074,FH
4,299.47754,-54.99769,-183.81737,FH
5,466.75827,120.36576,-184.22975,FH
6,405.4632,5.9452305,-147.60461,FH
7,492.941,59.83181,-207.08638,FH
8,432.46204,111.43805,-223.66985,FH
9,517.6075,108.72285,-178.97244,FH
10,485.61426,-115.29097,-76.525055,FH
11,445.88052,39.02622,-264.13312,FH
12,343.28503,61.135723,-266.70444,FH
13,392.0737,57.613014,-242.77893,FH
14,405.7726,83.91814,-283.3091,FH
15,365.5783,13.48672,-240.02652,FH
16,391.1192,30.399702,-294.6169,FH
17,348.4859,62.445194,-205.79744,FH
18,393.27673,34.591087,-192.91032,FH
19,383.96893,45.20512,-130.96808,FH
20,449.12585,128.71494,-124.83827,FH
21,345.24472,17.045813,-156.58476,FH
22,436.81155,-43.06677,-215.25177,FH
23,378.50537,-27.016232,-191.59784,FH
24,423.53973,-1.7979033,207.1418,FH
25,320.33414,217.61464,-162.72887,FH
26,464.9792,-5.2298994,-137.37015,FH
27,457.26538,4.790055,-193.52597,FH
28,491.39404,177.45644,-145.88763,FH
29,365.28357,-154.66814,-251.02977,FH
30,479.95193,5.208233,-239.87625,FH
31,505.40842,143.52254,-82.38038,FH
32,494.85486,88.30063,-130.4496,FH
33,429.13156,-47.74417,-165.0835,FH
34,521.3238,121.0849,-129.69203,FH
35,343.99524,-112.05044,-275.51147,FH
36,352.51285,168.16255,-218.23694,FH
37,324.50903,148.40414,-189.33171,FH
38,308.31567,107.82355,-134.94907,FH
39,436.35666,5.412925,172.20285,FH
40,-180.04097,126.46961,-391.62906,FH
41,408.9546,102.49122,-156.96706,FH
42,389.5119,124.21274,-194.19257,FH
43,362.91418,121.59985,-154.47865,FH
44,430.90768,181.06596,-213.98267,FH
45,419.2608,1.5527191,-236.96362,FH
46,475.93744,149.27673,-227.64786,FH
47,389.3946,162.98328,-120.53695,FH
48,417.51596,155.12955,-161.17041,FH
49,426.55927,204.65195,-146.65306,FH
50,312.3063,146.37354,-90.43801,FH
51,362.89267,212.27977,-185.25685,FH
52,402.3232,-40.556396,-269.19943,FH
53,389.24448,-17.624512,96.11976,ER
54,385.4067,-14.899146,-8.039238,ER
55,22.478653,-182.86186,54.83979,ER
56,401.95428,36.25623,-10.56989,ER
57,386.5361,15.163799,-48.60103,ER
58,446.40198,0.114829004,-19.721502,ER
59,450.8764,17.57468,27.266062,ER
60,363.85922,74.97999,256.36697,ER
61,410.29138,36.945866,84.011475,ER
62,383.03348,9.692578,37.506195,ER
63,259.60196,-39.258724,16.56844,ER
64,260.78665,-12.011771,-14.486056,ER
65,335.08713,7.8912673,143.67903,ER
66,297.6025,27.640112,21.862465,ER
67,300.95694,-18.867632,55.60285,ER
68,240.88823,-304.91602,-67.802185,ER
69,486.58704,60.6,-68.050964,ER
70,304.08862,-132.58505,-75.62777,ER
71,343.13876,-12.360251,22.864326,ER
72,318.41388,-49.983837,-23.710392,ER
73,343.14066,29.816236,-5.0840573,ER
74,353.25723,54.454735,120.27794,ER
75,350.87082,19.299553,79.35712,ER
76,349.99954,69.96811,78.98612,ER
77,388.8044,-55.860588,39.406704,WW
78,387.46335,-114.44518,-85.35471,WW
79,359.21127,-128.60121,27.970186,WW
80,343.87042,-80.82378,112.93758,WW
81,377.9327,-157.44453,-21.249083,WW
82,332.80875,-125.41169,90.60638,WW
83,424.44775,-37.236908,-67.84514,WW
84,336.5992,-107.71763,-14.850424,WW
85,325.3757,-158.04727,23.178335,WW
86,210.61699,-324.20483,-82.23358,WW
87,323.96982,-208.02184,-5.5360217,WW
88,316.60718,-210.90433,-61.25043,WW
89,310.6957,-200.41159,-122.88378,WW
90,215.46577,-89.70294,-89.77073,WW
91,275.64142,-92.71764,-94.425156,WW
92,235.06158,-142.65851,-162.48508,WW
93,272.71674,-178.84926,-78.113754,WW
94,286.0078,-169.41347,-36.894344,WW
95,363.27997,-67.24506,-39.060047,WW
96,453.7168,-98.623634,-24.923738,WW
97,406.7281,-83.637215,-18.219664,WW
98,277.3368,-209.71596,-149.28062,WW
99,255.46399,-241.90848,-179.06609,WW
100,216.61841,-235.38962,-175.59862,WW
101,343.9865,-97.74754,-118.894684,WW
102,445.65652,-58.00077,21.438185,WW
103,380.81876,-65.8056,-92.5169,WW
104,322.86276,-87.15232,-59.753445,WW
105,324.18774,-30.369474,-79.6879,WW
106,313.42535,14.82864,-62.63808,WW
107,265.95212,-136.73761,-126.98401,WW
108,278.85968,-77.632126,-41.510223,WW
109,325.39102,-64.78471,35.422607,WW
110,236.12518,-129.92708,-26.431463,WW
111,276.53384,-110.303246,-2.807384,WW
112,225.5641,-152.1516,-63.199123,WW
113,199.02325,-11.710682,355.60367,TC
114,129.28072,6.819731,338.3493,TC
115,174.65674,130.14294,-47.49245,TC
116,-253.7233,295.52908,-140.77728,TC
117,262.67136,143.14366,204.33398,TC
118,246.65665,106.03296,180.98302,TC
119,175.95802,72.257065,321.56473,TC
120,66.07703,86.04059,206.60275,TC
121,97.23495,59.265068,168.46417,TC
122,111.50642,20.648832,94.36646,TC
123,169.5904,18.12722,95.57427,TC
124,184.46321,34.569035,63.43852,TC
125,-246.11218,237.6013,234.96274,TC
126,127.36904,81.09804,58.490047,TC
127,275.34344,196.85754,226.9088,TC
128,46.462334,21.188288,124.502174,TC
129,98.87406,68.79167,112.4567,TC
130,64.97135,66.27214,133.79347,TC
131,248.81969,35.610756,289.6758,CS
132,182.70865,34.0596,184.5124,CS
133,165.21342,26.526226,248.058,CS
134,6.1092415,-146.9868,195.32913,CS
135,-249.28735,215.76869,80.67777,CS
136,-14.857785,6.3194766,308.7905,CS
137,-276.08264,110.987816,51.569527,CS
138,209.08183,78.23373,197.77841,CS
139,-255.62726,258.55435,26.235764,CS
140,-27.451948,35.77365,359.96878,CS
141,-26.985315,13.519459,408.3696,CS
142,11.367661,54.12997,350.3616,CS
143,119.52018,-92.93392,151.89203,CS
144,290.80447,-207.18605,221.94801,CS
145,171.03056,-56.406815,281.83453,CS
146,-271.8407,-110.15901,341.85956,CS
147,122.00326,-128.84956,216.79819,CS
148,-38.728462,87.464005,346.33545,CS
149,-88.442055,-45.836617,259.33243,CS
150,-62.2879,33.04064,174.3921,CS
151,-158.38063,46.283997,139.56703,CS
152,2.8148446,-3.197615,161.67276,CS
153,-245.25313,216.31052,-24.98814,CS
154,-86.92701,97.79882,86.1729,CS
155,-171.59297,-104.81551,231.1039,CS
156,-102.505455,78.056755,123.27068,CS
157,-148.7238,-28.314331,164.61713,CS
158,244.67502,-220.35028,220.38844,CS
159,185.00827,-66.0632,229.27394,CS
160,-57.157703,149.1983,375.79138,CS
161,-244.93138,185.27534,41.987896,CS
162,-194.60075,191.10564,31.113047,CS
163,3.72343,-97.80655,163.21971,CS
164,-340.53702,169.0771,104.02004,CS
165,-362.48132,168.91278,55.306812,CS
166,-403.88864,166.9553,31.843126,CS
167,223.50107,158.33907,340.70752,CS
168,-27.412369,-299.70627,132.23657,CS
169,-7.035563,-331.92178,84.55619,CS
170,-234.3241,109.23033,109.0877,CS
171,-142.60078,38.034367,41.594788,CS
172,262.8488,-126.67268,215.93358,CS
173,50.183395,-105.81616,395.1585,CS
174,102.77305,-24.57516,409.6861,CS
175,78.371216,-104.23267,102.66957,CS
176,21.022833,-294.65857,123.231674,CS
177,-86.41194,7.9893317,220.34134,CS
178,-320.5612,125.192604,10.009175,CS
179,206.37788,116.6949,342.44473,CS
180,154.59525,133.63277,289.92786,CS
181,334.46384,84.64334,287.41507,CS
182,-15.812078,10.266382,203.75932,CS
183,165.0671,181.75789,259.638,CS
184,184.75932,89.257126,250.82704,CS
185,301.92035,101.80211,307.51157,CS
186,258.73203,-94.79458,291.1135,CS
187,175.53499,-82.97219,369.73734,CS
188,89.776924,-46.20923,364.3847,CS
189,111.66527,-79.759674,376.224,CS
190,-276.1039,-351.91382,-39.501125,CS
191,87.12752,170.52827,371.7546,CS
192,94.854195,102.12217,390.1113,CS
193,212.30305,145.55109,238.55862,CS
194,-78.4735,32.44433,359.61224,CS
195,16.855085,-58.326797,241.60129,CS
196,83.45863,-67.34796,214.2885,CS
197,37.01734,-49.05401,171.46783,CS
198,250.58601,146.06035,270.28165,CS
199,-156.69449,217.13528,234.82146,CS
200,242.52815,-165.3903,223.76863,CS
201,118.239815,-75.652,282.91498,CS
202,51.82178,-139.63315,260.97147,CS
203,197.32489,-18.725498,277.9306,CS
204,34.420692,-33.54269,354.263,CS
205,-26.057505,-30.482574,269.18817,CS
206,128.83122,134.7965,222.61983,CS
207,-106.58288,6.790915,111.10182,CS
208,-187.99341,99.43948,100.546646,CS
209,-164.57004,-14.372105,87.39339,CS
210,-220.28339,67.655014,280.4001,CS
211,-284.50513,181.32587,150.35124,CS
212,-306.59555,153.55205,89.10609,CS
213,-174.7874,39.76047,93.522095,CS
214,167.81815,-119.07626,311.90695,CS
215,-24.660563,-177.35783,377.11295,CS
216,51.187412,-61.198547,288.653,CS
217,-235.40343,151.94434,274.58395,CS
218,68.55069,-115.721725,213.36893,CS
219,-253.07127,204.43428,176.54132,CS
220,249.46739,-29.834873,287.1707,CS
221,-38.000217,-55.216248,225.41592,CS
222,141.78372,-154.33975,112.94768,CS
223,-54.39012,-46.95718,188.19798,CS
224,-223.33867,153.73701,235.4634,CS
225,-242.56517,113.6653,193.76099,CS
226,-203.57588,79.38611,180.46417,CS
227,-94.51223,-79.42341,191.55663,CS
228,216.36441,-147.34532,142.82037,CS
229,206.57835,-174.50021,111.54107,CS
230,-36.652878,-103.63198,231.95842,CS
231,-61.832275,-196.93077,186.91234,CS
232,-96.2955,-168.7417,164.98865,CS
233,-117.79414,39.42489,188.15883,CS
234,-145.00883,101.687004,239.7481,CS
235,-172.16563,38.82378,197.1426,CS
236,207.25743,316.17517,230.57553,BC
237,52.652313,342.3359,124.61429,BC
238,169.84729,327.26352,197.78096,BC
239,164.60193,290.59082,220.53781,BC
240,115.60737,310.91263,175.36284,BC
241,75.446976,297.61032,183.76582,BC
242,136.2388,-76.54378,29.846315,BC
243,167.31769,-56.707752,-19.917057,BC
244,190.73608,276.74664,185.25699,BC
245,112.476944,320.92117,126.665924,BC
246,180.62427,-53.08196,40.752197,BC
247,193.31456,-70.92631,86.236664,BC
248,-67.257645,-93.732544,93.19818,BC
249,5.2282043,279.2962,101.84048,BC
250,-115.64786,-66.09391,105.99134,BC
251,-1.4907128,-197.93446,-224.07394,BC
252,16.096304,-253.52217,-208.71925,BC
253,140.24283,228.99634,105.61769,BC
254,249.04704,275.47174,233.6171,BC
255,144.15913,227.85944,18.32703,BC
256,179.05534,274.71805,30.908833,BC
257,181.22752,-201.62744,-303.67545,BC
258,-151.15318,205.2869,-155.79193,BC
259,-150.5569,259.5358,-157.56963,BC
260,-111.06447,276.221,-14.302589,BC
261,-82.2759,288.17,-41.763626,BC
262,-78.14883,-242.69211,-340.64432,BC
263,94.83234,186.62866,-78.370705,BC
264,62.448467,-168.13135,-170.0803,BC
265,35.708416,-196.99503,-204.28055,BC
266,41.61758,249.0646,-58.055244,KQ
267,129.18816,11.408289,9.24462,KQ
268,62.265877,264.93835,33.877113,KQ
269,103.42465,291.2347,8.754708,KQ
270,49.1803,313.9219,24.279291,KQ
271,154.06667,282.93936,-9.788231,KQ
272,7.2645173,336.6855,-24.901762,KQ
273,307.18478,134.38539,33.263218,KQ
274,73.54402,259.91663,86.222664,KQ
275,91.48101,247.29724,-22.256958,KQ
276,6.3382416,285.324,24.840761,KQ
277,-35.556152,245.32974,-20.873194,KQ
278,48.356922,278.6197,-18.760502,KQ
279,25.327936,306.7344,-61.76666,KQ
280,36.416855,225.54381,-6.916308,KQ
281,40.37008,214.00983,116.47907,KQ
282,-15.09748,252.45757,182.40923,KQ
283,73.05798,237.07037,142.51984,KQ
284,35.92596,128.93619,-308.30414,KQ
285,-208.5582,12.752763,-372.1813,KQ
286,-140.91728,239.10332,-228.69379,KQ
287,-161.20505,321.216,-103.484116,KQ
288,-144.70316,278.35715,-65.90283,KQ
289,-167.93013,321.99023,-56.157787,KQ
290,-63.327385,259.85388,-267.56808,KQ
291,-37.63109,321.7702,-233.25478,KQ
292,-73.22115,277.8008,-196.50868,KQ
293,233.69499,169.13644,98.672935,AR
294,122.802795,-253.71733,-44.825,AR
295,212.38918,150.53854,58.238132,AR
296,164.87437,99.59113,138.83376,AR
297,-22.268196,105.69578,37.442238,AR
298,-57.347588,119.403076,-1.1231136,AR
299,316.35217,142.41371,165.95607,AR
300,266.4539,152.83716,140.77419,AR
301,359.1527,157.06868,209.26015,AR
302,-156.07239,87.51625,-366.30676,AR
303,190.91013,160.13066,-92.73849,AR
304,-39.10363,127.42976,-246.11682,AR
305,172.81033,-282.86276,-37.17985,AR
306,232.67978,125.83809,135.32744,AR
307,-442.25323,-82.56513,8.284436,AR
308,192.73456,104.68118,96.26816,AR
309,61.01938,-52.178753,24.225624,AR
310,140.83824,171.75801,67.94537,AR
311,154.62549,-123.87857,-225.24336,AR
312,91.96947,-223.71935,-6.6042676,AR
313,-39.91269,-18.504295,-182.70374,AR
314,78.868004,126.35207,-154.43141,AR
315,-29.435184,13.069978,-240.91351,AR
316,60.230686,119.79754,-102.633514,AR
317,-20.023901,153.56923,-71.6036,AR
318,-69.68006,137.42613,-94.5414,AR
319,-349.30005,255.22775,-53.739677,AR
320,330.55188,192.48744,178.19592,AR
321,-125.99362,-152.42249,-361.49503,AR
322,-77.48096,91.800415,43.88123,AR
323,-76.4993,-164.53514,65.8221,SL
324,-37.750137,4.4640393,-353.69183,SL
325,-460.44913,96.750755,105.73314,SL
326,0.68707144,-12.099018,-395.53918,SL
327,-155.9585,-23.398708,-222.22029,SL
328,156.2373,104.28719,10.456408,SL
329,-190.71864,-67.924324,-185.19148,SL
330,-176.6193,-86.18017,-137.4073,SL
331,-250.55634,258.16763,161.06828,SL
332,-29.444815,58.41591,425.22302,SL
333,58.860962,130.22879,112.12901,SL
334,282.28192,243.50371,177.499,SL
335,16.416834,-37.502556,-42.855198,SL
336,16.99513,-58.63129,-391.23846,SL
337,-10.304263,41.790714,-279.64612,SL
338,-124.08638,-20.869308,-177.34508,SL
339,-146.81241,-56.754982,-165.3475,SL
340,-52.029846,-23.382563,-36.841816,SL
341,-229.67715,-100.99612,-135.84598,SL
342,-90.83468,7.550212,-29.692898,SL
343,-340.6155,224.71973,96.17064,SL
344,219.95564,241.75209,111.797005,SL
345,214.11278,187.92828,-7.912739,SL
346,257.49704,262.9948,49.978657,SL
347,-21.90553,17.858923,-58.620625,SL
348,181.11057,148.82411,-9.485594,SL
349,142.3378,72.884796,-23.810637,SL
350,-371.45764,174.76938,145.19127,SL
351,-343.841,117.65347,232.57402,SL
352,-316.32486,112.933235,203.25296,SL
353,20.006575,219.35793,-272.18372,FG
354,-5.2264805,256.9304,-262.49768,FG
355,55.869392,147.65103,-259.71536,FG
356,-64.924614,229.79253,-210.26825,FG
357,-205.53613,-124.7101,-264.74084,FG
358,50.079544,261.94357,-267.9696,FG
359,102.3503,247.81664,-227.53362,FG
360,70.08394,-256.82526,-127.98219,FG
361,98.94747,278.5037,-281.75632,FG
362,-67.1841,240.0137,-150.31918,FG
363,173.84204,261.41907,-63.26307,FG
364,34.145046,201.20303,-168.06894,FG
365,-43.680077,299.3682,-151.00305,FG
366,-24.014015,225.78038,-137.32503,FG
367,13.999651,292.49347,-160.16997,FG
368,-159.84566,70.4723,-268.7534,FG
369,-40.008587,245.4466,-62.70173,FG
370,15.020857,261.97775,-126.36256,FG
371,-21.723839,272.4472,-215.11444,FG
372,63.210243,215.399,-249.01862,FG
373,134.58328,266.11935,-185.42242,FG
374,-114.27012,237.5218,-177.2844,FG
375,238.17543,231.91794,-309.14786,FG
376,-48.48966,188.79948,-145.64659,FG
377,30.973259,262.50388,-212.31616,FG
378,-11.413259,225.24289,-202.2513,FG
379,59.148773,179.91165,-209.54686,FG
380,-315.57382,14.195989,-234.36317,WB_BX
381,-459.26706,-89.7607,-169.73843,WB_BX
382,-434.86008,-79.411545,-236.19943,WB_BX
383,-418.04797,-68.07402,-188.35149,WB_BX
384,-403.5647,-85.379,-139.49985,WB_BX
385,-369.67285,-40.906784,-157.55208,WB_BX
386,-434.94858,-42.033222,-144.66348,WB_BX
387,-393.16638,-24.424137,-121.684105,WB_BX
388,-346.75565,-43.096428,-237.28879,WB_BX
389,-308.3844,-71.71078,-232.07227,WB_BX
390,-321.55188,-25.315552,-192.43796,WB_BX
391,-401.77048,1.492046,-165.3725,WB_BX
392,-385.78595,-20.096453,-213.66524,WB_BX
393,-433.58392,-11.867691,-205.13618,WB_BX
394,-367.46814,-71.0094,-196.9479,WB_BX
395,-323.88077,76.86699,16.112947,WB_BX
396,-376.56735,-120.38669,-208.4097,WB_BX
397,300.35217,150.90627,89.51034,WB_BX
398,66.308754,117.84659,55.69902,WB_BX
399,146.46718,84.23362,426.41144,WB_BX
400,346.40668,223.13304,213.75645,WB_BX
401,73.23715,181.22636,253.60345,WB_BX
402,79.65497,134.5823,178.47304,WB_BX
403,-77.10047,61.807526,253.93983,WB_BX
404,-21.921907,-169.69981,306.80945,WB_BX
405,-27.698933,-117.821846,350.81857,WB_BX
406,-16.280638,84.606606,-378.03302,WB_BX
407,50.117313,68.96672,-349.69604,WB_BX
408,36.21807,99.31542,-375.0276,WB_BX
409,99.933876,-78.52761,-330.6427,WB_BX
410,140.31078,-38.69585,-307.84402,WB_BX
411,-207.11159,83.123985,42.506287,WB_BX
412,123.960236,75.813354,-87.78592,WB_BX
413,-176.0075,-257.31415,-133.47826,WB_BX
414,87.26323,72.858665,-130.8318,WB_BX
415,46.68468,70.87343,-170.64319,WB_BX
416,53.31386,90.78078,3.1863601,WB_BX
417,98.26453,-16.663872,158.75728,WB_BX
418,241.85437,-36.739365,188.49214,WB_BX
419,88.48967,23.771393,-60.534363,WB_BX
420,-169.57823,233.62108,55.919037,WB_BX
421,174.71336,-236.05937,22.338392,WB_BX
422,24.960667,56.98638,-130.48875,WB_BX
423,130.42628,117.12069,-82.71248,WB_BX
424,-24.777908,-45.55191,-110.76561,WB_BX
425,300.67844,167.97447,-50.08038,WB_BX
426,-69.27654,-18.655304,-124.58805,WB_BX
427,217.49313,62.55902,-363.57266,PF
428,224.07736,192.23111,-351.24588,PF
429,209.05159,145.70897,-393.3389,PF
430,195.51404,122.40039,-357.8226,PF
431,125.036934,92.44581,-368.59384,PF
432,262.9165,126.91035,-385.4851,PF
433,139.16954,25.44303,-159.76881,PF
434,197.44092,11.082983,-128.93745,PF
435,197.7598,41.21524,-221.23064,PF
436,283.9081,161.61324,-348.13776,PF
437,242.37856,156.70444,-249.0359,PF
438,157.36975,178.96121,-288.30054,PF
439,134.4523,183.6691,-243.42032,PF
440,158.56502,110.253105,-274.07495,PF
441,165.94751,218.50916,-330.45352,PF
442,143.70758,93.28615,-189.2066,PF
443,-133.38089,72.59835,-319.33124,PF
444,116.75826,75.59572,-210.42221,PF
445,218.49245,169.29573,-316.87482,PF
446,212.04121,197.92874,-228.06825,PF
447,181.81406,153.16135,-264.6601,PF
448,180.26683,162.9924,-345.7179,PF
449,121.8845,199.21599,-122.549866,PF
450,230.26047,113.69551,-292.68448,PF
451,200.19572,128.34933,-233.13402,PF
452,174.02104,5.687736,-185.00359,PF
453,151.3754,-34.01485,-192.63681,PF
454,178.0607,27.122993,-262.2052,PF
455,99.444405,11.675881,-305.35654,PF
456,79.63516,38.331783,-272.01096,PF
457,-411.90823,-70.67078,-71.53908,BM
458,-370.21365,-35.848824,-44.30864,BM
459,-411.54907,-32.428383,-29.984852,BM
460,84.91193,187.59227,131.89885,BM
461,71.84172,186.9672,40.131268,BM
462,139.73032,194.35727,148.50368,BM
463,-8.612326,186.1677,104.11136,BM
464,289.6612,235.75331,113.95289,BM
465,25.68592,-105.91455,-376.75818,BM
466,-364.6794,157.77525,-77.494156,BM
467,-329.25214,147.58252,-65.41328,BM
468,-171.29132,-382.87537,120.20812,BM
469,117.21585,189.70065,216.13698,BM
470,-273.35623,108.49994,-52.230556,BM
471,127.574715,148.1099,140.83893,BM
472,-220.78596,29.213976,17.74897,BM
473,193.2027,175.69249,133.40639,BM
474,-165.74101,63.141876,-210.1904,BM
475,271.8126,-286.3422,93.55317,BM
476,-69.66631,-22.014832,42.039753,BM
477,-8.439443,-33.499382,123.004234,BM
478,41.80605,133.81166,-38.903645,BM
479,79.12834,143.38538,-37.01849,BM
480,-36.429615,81.98922,-38.859562,BM
481,-45.84275,53.00449,15.796933,BM
482,-79.633965,190.10022,198.14075,BM
483,-31.592678,177.72295,150.39554,BM
484,195.47874,200.93138,72.13468,BM
485,-17.792126,137.88536,106.16183,BM
486,235.38824,210.00903,153.26929,BM
487,-368.2957,21.00045,82.532585,WH
488,-57.30594,-235.58131,0.31536758,WH
489,-285.506,-143.75339,299.39478,WH
490,-208.6985,-71.74608,64.56165,WH
491,-231.44597,-63.179047,115.222824,WH
492,-445.98618,6.299908,58.93514,WH
493,-279.27454,-290.11038,63.067562,WH
494,-268.02927,-248.21016,61.837646,WH
495,72.20351,-318.46158,8.491807,WH
496,-213.07802,-10.497579,144.90591,WH
497,-254.37904,-16.807348,126.25428,WH
498,-230.89159,-23.789904,87.07904,WH
499,-253.02655,-232.4318,114.50098,WH
500,-369.18536,-86.43614,-42.01586,WH
501,-91.29314,-341.26456,51.76264,WH
502,-265.16223,-50.57354,77.56402,WH
503,-113.05927,140.03996,46.14633,WH
504,-369.79187,-21.410473,2.9341798,WH
505,-242.9192,-165.17084,-175.35324,WH
506,-197.63518,118.23378,-103.98458,WH
507,-224.82736,113.29468,-160.2452,WH
508,-134.65009,-351.05307,83.63799,WH
509,-233.76456,57.9074,118.50348,WH
510,-209.66808,29.86904,68.694496,WH
511,-133.15833,-251.10849,-32.899467,WH
512,-212.7797,78.880615,-117.28989,WH
513,-179.1733,-134.42346,150.99577,WH
514,-309.64343,43.93056,95.138885,WH
515,81.839836,-287.44382,37.039078,WH
516,-305.53687,-50.50439,123.27164,WH
517,143.96803,-311.53317,-171.58546,WH
518,-85.211334,-311.804,115.42979,WH
519,-194.06357,181.15059,136.95027,WH
520,71.67949,1.7860082,58.617996,WH
521,-44.534634,40.767365,122.79245,WH
522,8.041296,9.029064,67.1298,WH
523,-170.48877,171.78943,211.56386,WH
524,-164.50063,141.21353,187.05347,WH
525,-208.49115,95.06661,-290.7462,WH
526,-204.64034,-176.70212,148.49869,WH
527,-332.93054,24.827614,146.52129,WH
528,-214.31534,-363.80945,143.98044,WH
529,-375.3294,51.1893,181.41637,WH
530,-348.99698,185.33247,-30.037169,WH
531,212.12035,-185.93597,286.51987,WH
532,-4.1747174,-81.80987,-211.07861,SQ
533,-257.49118,188.07225,-127.96523,SQ
534,-20.26398,-128.19565,-187.85286,SQ
535,-373.7856,-75.17967,9.592687,SQ
536,-0.92505056,-110.306816,8.365796,SQ
537,-82.74864,-75.62156,-181.0367,SQ
538,66.92596,-79.15793,-183.62984,SQ
539,-114.80058,160.82509,-77.83255,SQ
540,8.013812,-3.512147,-228.14474,SQ
541,-110.26534,-133.3995,271.8951,SQ
542,-15.945687,171.89705,249.76808,SQ
543,211.93732,193.87485,197.02687,SQ
544,98.98562,-133.86456,-46.934452,SQ
545,-69.3294,200.20627,119.54358,SQ
546,84.81154,11.651036,-192.35176,SQ
547,-42.99165,-152.03421,-231.9864,SQ
548,31.710741,79.954704,-56.211464,SQ
549,82.72277,-31.56521,-181.56279,SQ
550,56.958836,-240.46603,-87.48159,SQ
551,272.61115,79.95849,145.93863,SQ
552,10.573991,-72.13721,-174.79303,SQ
553,246.33368,16.360405,126.11594,BP
554,262.06656,78.28624,94.742325,BP
555,34.41688,-175.96535,-86.071754,BP
556,-451.09344,-168.64885,16.235853,BP
557,-438.24673,-141.24501,-9.327406,BP
558,-315.5887,-193.69693,-144.09293,BP
559,-14.797607,106.77539,-147.73607,BP
560,-95.15967,-74.66387,-298.4944,BP
561,-54.4779,-95.87329,-271.52582,BP
562,-93.90108,-221.59253,314.05063,BP
563,239.63054,-163.43811,353.4147,BP
564,99.04643,-103.372986,-136.32088,BP
565,-186.39941,12.059167,-306.92096,BP
566,61.941814,-27.22575,-119.29511,BP
567,51.20187,-128.00514,-109.97584,BP
568,-186.3076,-260.39133,194.14543,WN
569,-264.09045,-242.52364,-80.60261,WN
570,-222.098,-270.25946,208.845,WN
571,-176.04005,-137.38382,282.56396,WN
572,-149.61914,-286.1243,153.58983,WN
573,-161.10689,-224.78943,215.10455,WN
574,2.385372,-353.2426,-100.13563,WN
575,-307.08234,-182.79045,45.452778,WN
576,-18.866993,-375.9816,-74.56479,WN
577,-94.82889,58.97275,-146.66116,WN
578,-126.40226,97.336075,-153.20105,WN
579,-151.97618,37.069065,-109.732796,WN
580,-262.86264,-153.4345,-24.52718,WN
581,-314.51645,-150.60286,-18.140198,WN
582,-221.28113,1.8017135,-161.61197,WN
583,-151.50093,65.95008,-67.7873,WN
584,-98.33079,97.85037,-27.40932,WN
585,-38.801407,-249.16554,330.68738,WN
586,-357.24347,-44.597874,249.31569,WN
587,347.84418,174.79205,256.83707,WN
588,-242.56357,-131.59496,104.59844,WN
589,113.0126,-303.49933,-55.23955,WN
590,-213.99268,-156.93265,67.34086,WN
591,97.82822,-332.0296,-77.15419,WN
592,-67.35153,-381.28592,102.04142,WN
593,51.783722,-305.08234,-68.44816,WN
594,-262.4318,-167.77013,115.327614,WN
595,292.00284,-178.60367,-280.3237,WN
596,-88.86085,-52.209843,-222.4422,WN
597,324.95416,-167.47313,-290.22217,WN
598,-89.24787,-302.82556,-166.76787,WN
599,-73.513275,-334.64105,-206.66609,WN
600,-378.4462,-3.3286378,275.08054,WN
601,98.92731,-178.00377,-60.774185,WN
602,199.12228,85.63668,-133.3883,WN
603,130.5089,-222.39027,-86.13978,WN
604,-113.001976,-110.55973,-232.1635,BH
605,-135.25972,-127.31316,-260.97937,BH
606,-12.795482,167.42307,-232.97585,BH
607,-121.93769,3.2878823,-290.10007,BH
608,-151.90727,-84.33893,-258.54715,BH
609,-169.37057,-137.00984,-213.11359,BH
610,-136.6334,-194.68741,-262.711,BH
611,-137.06929,-199.28871,40.82547,BH
612,-114.99143,-172.94046,-185.30417,BH
613,30.562214,70.27749,78.15,BH
614,-78.68467,-181.31578,375.82532,BH
615,-274.07602,-155.8031,-142.70845,BH
616,-133.58484,-374.65576,-7.493339,BH
617,-170.31418,94.151505,-40.213707,BH
618,-132.99896,-359.93726,27.941858,BH
619,-135.82164,-202.44907,-203.00119,BH
620,-378.4817,-165.60237,-63.302475,BH
621,-91.144066,27.96394,-254.67459,BH
622,-160.72153,-31.148758,-440.33255,BH
623,-140.07643,22.887909,-434.31033,BH
624,-36.21962,183.6072,-325.53043,BH
625,-92.020035,202.06104,-320.2449,BH
626,-115.76771,-26.201656,-434.0913,BH
627,-22.883322,-57.397285,-299.77975,BH
628,156.32433,113.90212,-442.08932,BH
629,155.71338,151.08882,-397.53796,BH
630,24.04322,-26.955816,-316.23343,BH
631,-109.97799,28.579714,-399.80585,BH
632,-143.28297,10.420832,-378.25098,BH
633,47.667248,197.21472,-372.8011,BH
634,-7.119482,198.9413,-344.96387,BH
635,63.352844,62.450706,-407.9354,BH
636,-116.931366,170.38092,-261.44272,BH
637,99.53976,10.524661,-356.22586,BH
638,91.70126,195.23001,-331.68796,BH
639,88.939064,133.76973,-389.61084,BH
640,-372.8098,-26.000633,161.62386,PH
641,-370.76736,-64.49111,109.30538,PH
642,-344.77597,-120.37382,141.686,PH
643,-343.61072,-240.57646,135.9649,PH
644,-322.88492,-183.6505,160.5495,PH
645,-359.6148,-228.28204,175.06067,PH
646,-403.23096,-127.64381,171.25085,PH
647,-355.019,-146.26093,96.40424,PH
648,-416.45465,-84.124306,123.982635,PH
649,-365.13245,-163.3638,154.52806,PH
650,-333.65353,-211.61107,64.615036,PH
651,-287.36948,-51.197178,-372.58987,PH
652,42.17555,158.41808,194.3294,PH
653,-157.18796,-291.20023,40.232723,PH
654,91.89086,-358.514,-30.67781,PH
655,-138.70721,-69.45902,341.49374,PH
656,-333.14703,-28.90419,50.765743,PH
657,-313.81946,-89.92705,76.69739,PH
658,-198.43248,-64.88982,178.45157,PH
659,-163.63538,-279.28714,78.897705,PH
660,-298.04346,-71.91065,17.967642,PH
661,-284.48163,-95.7159,-55.529556,PH
662,8.597442,-164.25847,84.96037,PH
663,-304.89456,26.103275,16.569838,PH
664,-381.8005,-184.58662,76.71427,PH
665,-366.7306,-232.76535,42.17949,PH
666,-254.03917,47.536106,325.3406,PH
667,-290.0988,9.243231,61.77579,PH
668,-198.19838,-151.20575,-81.9935,PH
669,-242.43802,-111.85387,5.1795716,PH
670,190.36107,-157.47672,225.91325,PH
671,-178.37437,-15.010801,287.80936,PH
672,-166.29056,-27.630032,232.47917,PH
673,-222.65495,-218.9656,34.22402,PH
674,-10.522779,-203.13214,-98.31395,PH
675,-176.86537,-24.94284,23.653282,PH
676,-260.54712,-63.1031,-12.073952,PH
677,-232.08464,-37.70981,15.900971,PH
678,-284.78143,-19.695498,8.962934,PH
679,-193.15855,-333.7108,37.73238,PH
680,-306.9755,19.885015,-57.784687,PH
681,-341.45847,44.51345,-63.86994,PH
682,83.99625,-129.02335,13.853808,PH
683,75.76299,-178.69429,186.20938,PH
684,-276.1275,185.17596,-247.15936,PH
685,-146.84201,-302.2628,-179.52124,PH
686,143.78564,-313.76483,9.716797,PH
687,-132.70326,-101.603745,-70.47293,PH
688,88.11178,-118.15706,-324.3091,PH
689,149.4808,-12.678811,-380.40088,PH
690,-356.49524,96.07641,115.145355,PH
691,-176.87885,-105.70862,-36.809727,PH
692,-192.63676,-64.412476,-39.672295,PH
693,-126.812416,-328.3208,-224.8398,PH
694,-231.37143,-98.889145,-60.624054,PH
695,-147.22668,-65.2258,-31.98449,PH
696,-351.2836,226.95926,33.81604,PH
697,35.6126,-208.40504,402.41107,PH
698,-144.24593,283.27612,206.4823,PH
699,-161.43845,213.44075,159.39587,PH
700,-125.939445,-357.27124,-188.90569,PH
701,-146.41273,-341.9792,-158.41338,PH
702,44.67856,-174.40012,-341.05618,PH
703,-3.387088,-140.60638,-38.32694,PH
704,41.460693,-54.419674,-248.01855,PH
705,-161.34695,-153.18867,-109.56911,PH
706,-116.46141,-182.13245,-88.155716,PH
707,186.85667,-46.20488,-321.25125,PH
708,47.43151,-114.17096,-275.76413,PH
709,-70.1185,-95.37121,-35.89472,PH
710,-2.1571767,-6.9055986,-141.22751,PH
711,-60.850677,-126.568405,-114.91474,PH
712,-287.30276,49.325073,-131.52763,PH
713,-240.07643,-44.985435,-77.47798,PH
714,-205.69353,-1.9401672,-111.18028,PH
715,325.57144,-303.38416,56.51288,PH
716,322.28464,-265.7537,98.39154,PH
717,116.91624,-192.31677,77.575745,PH
718,-19.648424,-97.701385,-73.615074,PH
719,32.43803,-82.621124,-70.620285,PH
720,-129.58733,-172.55998,118.782074,PH
721,-196.76509,-199.14362,-1.8391759,PH
722,-212.43152,-241.59593,-8.0738,PH
723,-241.31259,40.065823,-46.407715,PH
724,-34.473976,43.07039,-184.39912,PH
725,-170.79225,11.250506,-29.098295,PH
726,251.65346,-129.35187,316.67554,PH
727,-234.31355,190.70175,-279.65674,PH
728,-225.4707,-8.145315,-44.441998,PH
729,-265.6609,-20.063843,-103.84887,PH
730,-95.55327,-52.069885,6.9762545,PH
731,-132.09975,-96.46507,26.233315,PH
732,-113.64521,-159.67175,-23.363077,PH
733,-104.21455,-240.94817,32.704327,PH
734,-286.8591,-29.225782,-49.796227,PH
735,-82.73709,-157.22331,-0.094238386,PH
736,312.45813,-320.41003,21.834461,PH
737,298.01987,-351.206,47.82913,PH
738,-165.634,-132.97504,55.372547,PH
739,-172.87079,-153.64706,12.947891,PH
740,83.651344,-259.8413,281.80215,LB
741,34.994373,-225.01523,261.66916,LB
742,48.539665,-264.135,234.66829,LB
743,-73.67584,52.86661,-99.20784,LB
744,-69.49367,-284.92606,-25.705816,LB
745,267.80664,45.692554,209.2317,LB
746,44.232613,-100.78284,50.636486,LB
747,-82.6648,-51.71568,-60.690315,LB
748,-104.098785,-57.671066,-117.35156,LB
749,16.144619,-382.80908,141.34634,LB
750,-27.153898,-312.8296,10.324277,LB
751,-30.223885,161.71237,18.301428,LB
752,-115.03269,335.69095,92.02377,LB
753,-30.652744,-77.814445,320.40652,LB
754,-51.88283,-328.54562,184.66185,LB
755,179.49033,-141.49857,387.87585,LB
756,28.640894,-168.7959,362.0711,LB
757,-249.79483,-164.4507,219.88231,LB
758,15.558152,-131.55365,328.44833,LB
759,94.655334,53.940674,308.97394,LB
760,88.66676,72.631096,256.4038,LB
761,19.566568,102.948685,247.13464,LB
762,46.54778,137.80243,269.01422,LB
763,40.605152,-223.32387,-313.7657,LB
764,279.84705,94.82728,219.80913,LB
765,48.04404,22.339619,215.69583,LB
766,27.225842,42.512985,173.92569,LB
767,-17.451515,-349.708,130.08513,LB
768,-144.29689,-31.696718,-94.70801,LB
769,219.83583,-14.650509,398.9877,LB
770,-13.093013,-209.65529,345.11896,LB
771,140.00313,-283.31546,189.78696,LB
772,-251.07623,-56.934963,258.73068,LB
773,-184.56073,-26.810274,-71.34414,LB
774,-18.937328,82.35995,237.09927,LB
775,-259.37915,28.576883,173.63272,LB
776,236.5401,-309.4111,108.4023,LB
777,-243.77643,-19.715834,215.6498,LB
778,-251.86395,30.564903,238.29517,LB
779,3.3742523,87.66746,176.14058,LB
780,-23.26402,130.59053,203.64484,LB
781,-54.27878,123.657295,161.21106,LB
782,-55.61713,132.13239,241.85547,LB
783,130.185,-238.4839,303.84866,LB
784,-61.00434,-295.1026,301.10248,LB
785,54.60011,28.103428,-96.14069,LB
786,-108.46669,-83.657684,293.63104,LB
787,-35.912304,-290.5351,193.05064,LB
788,87.82115,1.4982297,301.41003,LB
789,-351.5801,1.2252287,224.64568,LB
790,-288.7723,-22.650642,199.93088,LB
791,-253.77173,-114.506874,173.84299,LB
792,196.07721,80.85954,-61.17186,LB
793,-195.02135,39.713158,-331.07297,LB
794,10.49721,104.79765,-222.0658,LB
795,-77.76795,-140.06586,-335.02225,LB
796,-117.246056,-107.86384,-327.72473,LB
797,237.41154,-123.538506,368.9953,LB
798,308.61935,-45.27703,175.02386,LB
799,128.29512,-1.7962242,-96.23444,LB
800,90.21597,-152.72922,311.52252,LB
