,tsne1,tsne2,tsne3,class
0,-327.7379,-596.585,243.92369,1
1,-82.20566,-628.9206,365.70822,1
2,-181.6663,-626.8713,338.0137,1
3,-522.1154,416.49716,292.4677,1
4,-634.26245,463.304,-7.9317966,1
5,-603.929,438.5579,81.26421,1
6,27.730268,723.17456,-85.26342,1
7,164.55605,583.29254,-509.9514,1
8,-36.464836,-769.87933,-82.647385,1
9,701.82196,-246.05246,-97.76158,1
10,-191.83066,-227.25797,-156.30127,1
11,-146.04619,-435.67947,192.63869,1
12,-441.4225,-479.09064,-91.09102,1
13,205.97177,392.35104,302.72354,1
14,-339.50104,-471.9483,-101.023445,1
15,227.17978,472.80814,38.45387,1
16,320.51126,200.66118,-283.5487,1
17,179.28624,347.90567,35.026516,1
18,329.98038,365.7607,-42.9901,1
19,-273.57492,-355.80148,-338.34613,1
20,348.84576,481.5145,141.0267,1
21,569.87836,19.764559,347.50537,1
22,-115.21721,-379.02197,-123.73937,1
23,495.65973,149.72472,430.8572,1
24,265.82266,331.0312,-154.37161,1
25,228.58168,230.49648,-87.33532,1
26,319.18893,237.69048,-26.626055,1
27,-148.75233,-468.7609,-183.21916,1
28,-198.58713,-508.0186,-283.13382,1
29,-38.53581,-549.2761,-140.54956,1
30,-19.140179,-281.43225,-162.58728,1
31,193.1028,233.96123,-559.5245,1
32,62.6862,44.072968,-76.31292,1
33,345.03006,584.7973,-82.54664,1
34,361.25003,557.104,65.02875,1
35,296.2967,637.1534,88.96228,1
36,-86.194,56.374023,-418.36255,1
37,-26.30238,1.7314965,406.45767,1
38,-167.3965,-484.4348,9.31326,1
39,559.7056,423.216,-215.69287,1
40,466.51413,485.8601,-161.66733,1
41,426.29688,458.30374,-22.27118,1
42,-100.27483,204.7351,-106.70244,1
43,-33.8014,240.97763,-39.49164,1
44,-56.76068,305.8961,-138.39368,1
45,-164.39413,-65.21368,-286.02625,1
46,-66.3661,-39.66346,-223.60745,1
47,-195.80037,33.75591,-249.77621,1
48,-211.82603,202.0586,-475.18643,1
49,-85.72514,-247.56819,-27.332891,1
50,-32.31514,-183.16805,-256.02173,1
51,270.8991,-104.21399,-432.22546,1
52,-69.84137,292.56885,86.90352,1
53,168.61488,-16.355547,-405.38593,1
54,-310.84207,443.66666,-190.81577,1
55,-482.77838,480.37283,-331.58124,1
56,-210.72253,381.15256,-376.96036,1
57,530.90643,389.26315,-24.203203,1
58,476.1988,178.80113,-304.9546,1
59,253.15077,60.24131,-350.59305,1
60,-263.32544,-137.42267,-474.2793,1
61,-14.120455,-363.41965,-271.6644,1
62,309.2537,271.8449,105.67908,1
63,-76.73439,481.35095,-205.70238,1
64,-209.64734,467.33264,-206.76103,1
65,-150.09422,395.84656,-105.589485,1
66,145.10747,362.6198,-425.92664,1
67,98.50406,362.77454,-530.2342,1
68,133.38237,440.184,-614.99457,1
69,363.22684,-653.3386,-105.86378,1
70,290.69122,-549.9548,-130.60994,1
71,360.04187,-555.59045,-56.682575,1
72,425.29263,-546.5675,-182.41693,1
73,178.46634,-447.63174,159.51266,1
74,340.8507,-555.14233,-270.90778,1
75,345.4365,177.91974,-137.90335,1
76,421.90677,179.48697,-10.670644,1
77,-193.82785,15.500443,-543.1819,1
78,446.38385,338.06055,110.453735,1
79,266.2601,371.4241,-381.82422,1
80,224.86406,432.1777,-285.3452,1
81,516.57404,329.29794,-300.42014,1
82,233.5767,449.19122,-492.23392,1
83,316.1108,486.83142,-203.67691,1
84,98.85701,296.80893,-212.25737,1
85,50.95415,275.76724,-287.82925,1
86,190.85933,275.85513,-268.51733,1
87,12.334668,47.96729,-292.8519,1
88,-1.6270407,139.46783,-353.5751,1
89,-73.12848,145.6105,-245.82266,1
90,-119.49079,-52.665707,-104.51035,1
91,-71.151276,35.306118,-128.35303,1
92,506.61,195.89404,172.70134,1
93,-563.34033,422.47412,-283.83487,1
94,-160.90892,483.1674,-31.784859,1
95,-68.58923,430.1035,-294.55524,1
96,-551.6145,529.28735,-1.2144796,1
97,-295.90677,523.99457,333.22357,1
98,-420.02866,539.35114,-277.16046,1
99,293.30215,54.251778,-146.622,1
100,428.99805,90.58831,-132.4253,1
101,344.05502,10.415199,-217.74557,1
102,344.12408,217.23648,-470.87048,1
103,27.860111,85.89524,-627.72284,1
104,683.5169,193.69339,-105.96831,1
105,-27.010363,-264.48254,116.44506,1
106,-74.872574,72.164825,264.38055,1
107,-15.314455,-172.81657,-92.45669,1
108,311.141,54.187077,-22.246677,1
109,326.69025,356.65884,-275.39694,1
110,183.59503,111.927765,-79.94849,1
111,517.63586,-217.2933,-182.31116,1
112,465.42365,-309.30325,-117.28111,1
113,387.10037,-307.3443,-172.91505,1
114,-438.11386,515.1032,234.85173,1
115,-449.76062,618.544,120.13184,1
116,-460.01907,480.58417,121.52335,1
117,-96.94313,-222.19124,-490.4123,1
118,36.24223,397.54135,4.7821717,1
119,20.672243,-344.53125,34.542328,1
120,-347.4323,538.45056,113.50677,1
121,458.70663,-72.80339,517.0428,1
122,-515.60706,-36.480465,-58.117676,1
123,408.99884,-489.86914,284.13257,1
124,306.4443,-515.6529,301.50424,1
125,336.90372,-567.5723,215.06345,1
126,-323.73553,49.118336,-128.3431,1
127,417.35297,10.407068,-477.4104,1
128,-653.3431,176.46278,75.22066,1
129,609.97577,-75.880325,-416.6868,1
130,-334.97943,174.34236,170.00874,1
131,-481.62134,348.791,-137.63297,1
132,-270.2319,-681.2056,-98.09466,1
133,-227.90266,-298.0709,595.1759,1
134,-324.00055,-669.7857,0.1694925,1
135,-584.76166,327.62708,-53.703045,1
136,-547.9725,319.3867,95.67135,1
137,-486.13083,421.4341,-3.5656245,1
138,190.70605,517.48,-101.4908,1
139,166.56238,412.37952,-129.35838,1
140,93.307465,458.7548,-178.4664,1
141,-328.65823,-52.57295,530.36804,1
142,134.81519,520.07825,430.14505,1
143,-305.90564,-112.15383,429.50912,1
144,-563.1154,-207.17848,450.46564,1
145,-447.56903,-184.64233,403.87756,1
146,691.7453,19.549072,173.46648,1
147,-190.48732,439.37436,240.80437,1
148,-168.32892,604.1567,128.15213,1
149,-240.99243,539.428,240.8351,1
150,-426.2523,-126.5905,256.07608,1
151,-448.03244,-60.924706,308.47366,1
152,-552.3423,-134.0092,272.75098,1
153,212.09645,165.99321,649.91925,1
154,-492.8701,-57.085793,504.6239,1
155,-571.8155,-450.2429,98.47305,1
156,248.38106,-82.51504,-659.6205,1
157,-394.41446,-268.0956,551.87915,1
158,-697.7888,-276.885,350.4546,1
159,-590.3801,-381.05173,231.32196,1
160,-438.2819,-349.53323,309.52988,1
161,-476.28854,-437.90793,277.38727,1
162,-412.20822,-466.01727,385.65976,1
163,-536.98676,-452.43103,415.10477,1
164,35.523674,-146.67776,-708.94806,1
165,-708.2293,-117.69648,258.18622,1
166,-709.06964,-102.6013,33.92936,1
167,-631.1253,-46.565483,116.34151,1
168,268.7884,-70.39827,625.1824,1
169,-662.89734,-186.19661,135.68353,1
170,-624.47156,37.51926,290.79175,1
171,-277.87982,-239.39522,210.33546,1
172,-333.751,-329.75696,483.16763,1
173,-338.77307,-332.02646,365.7882,1
174,-298.54697,72.24572,45.21165,1
175,-402.7737,212.1263,14.664284,1
176,-399.73322,111.4264,1.3841083,1
177,-208.77383,109.19117,-42.530872,1
178,-155.19304,35.902,-8.352193,1
179,-90.41265,110.64968,12.332745,1
180,-482.1324,186.66412,-107.44341,1
181,-479.4266,60.09315,-163.37317,1
182,-547.5493,173.05531,-216.57697,1
183,-14.095181,97.82244,525.5188,1
184,-53.241253,-637.86237,-309.14117,1
185,-152.42792,129.85481,147.62103,1
186,-118.40128,-332.05753,48.96766,1
187,-770.3698,119.50578,-92.927185,1
188,-21.53073,-412.28653,137.72351,1
189,7.035874,-179.56316,334.35883,1
190,-124.66662,-426.59622,464.80197,1
191,228.82588,-106.69462,-266.62827,1
192,-312.50967,-80.622604,141.85753,1
193,-644.12573,24.676273,-179.60388,1
194,-589.10376,-88.19295,-236.77124,1
195,-465.95538,-121.039406,146.41698,1
196,-588.9321,-283.08185,-53.043114,1
197,-462.72205,85.15027,150.87189,1
198,74.916214,-157.44186,-502.41693,1
199,66.12981,-48.626,-479.3566,1
200,65.77065,604.1805,87.44516,1
201,-66.106735,-382.839,-504.51276,1
202,-88.48483,-320.31976,251.78206,1
203,-135.57056,-419.23453,333.84836,1
204,-141.48517,-301.68442,359.47968,1
205,-123.05048,-198.94672,354.76337,1
206,-58.652546,-298.44955,445.44577,1
207,427.21896,547.85236,-325.6404,1
208,412.5609,479.79132,-420.68127,1
209,392.0119,430.75693,-322.93054,1
210,-270.71756,-302.7447,-1.1280389,1
211,304.41882,98.47767,448.04755,1
212,-542.9063,-191.31839,58.524105,1
213,-235.83778,-226.94777,79.327965,1
214,-332.08704,-205.92131,36.29298,1
215,-362.78888,-91.759926,-41.353756,1
216,251.27798,-457.31955,14.606261,1
217,313.29993,-387.32492,66.46772,1
218,138.61176,-484.428,-17.589699,1
219,-350.9601,411.26086,276.9814,1
220,-182.36641,700.3057,89.463425,1
221,-696.21014,277.13254,136.48735,1
222,251.37225,-344.9164,-71.14299,1
223,296.3557,-262.5533,-3.0887861,1
224,122.371765,241.5163,205.92993,1
225,324.48798,-238.62434,143.91386,1
226,269.41354,-360.69995,201.70724,1
227,176.70891,-301.6092,193.46136,1
228,139.43895,-185.88457,-8.6061125,1
229,192.41145,-182.1754,102.753136,1
230,240.5181,-191.33592,204.15694,1
231,166.13962,-303.85312,59.93646,1
232,113.84652,-136.88103,224.89984,1
233,-127.24939,-287.98276,-320.7372,1
234,-58.082554,366.14734,414.78793,1
235,-393.6712,-129.69635,-328.5973,1
236,97.637375,120.71612,134.14853,1
237,156.55467,256.02634,443.3248,1
238,89.929924,-281.41202,631.6563,1
239,15.567383,182.37125,261.85083,1
240,92.11234,-312.77466,-67.08111,1
241,462.2165,-407.01843,176.14732,1
242,308.76266,-114.43996,20.847721,1
243,-13.215736,-173.94366,710.0093,1
244,48.185062,-100.81149,688.0956,1
245,-73.175865,-93.681946,687.143,1
246,-288.86795,-429.2177,130.91685,1
247,34.622288,48.84127,705.5039,1
248,-171.27449,-631.1503,117.116264,1
249,200.32901,-224.11508,-121.84837,1
250,375.94882,-24.087488,308.40836,1
251,474.16623,-402.043,-9.307794,1
252,133.38171,-70.65228,55.88469,1
253,193.13062,11.156451,55.29004,1
254,46.514053,-144.28717,100.39832,1
255,225.16771,-38.939766,241.09746,1
256,311.4174,-148.55983,-81.921425,1
257,594.2713,-321.72458,112.45609,1
258,-446.6856,541.29297,-87.21368,1
259,-552.2728,230.67644,239.56432,1
260,-400.70187,-303.27554,83.713646,1
261,483.02567,-130.31548,178.51204,1
262,322.0793,-73.818726,129.81763,1
263,432.54086,336.30554,-471.7876,1
264,-96.77374,424.53513,101.79013,1
265,-0.080323696,10.900512,118.17172,1
266,-493.36172,98.21796,-334.53455,1
267,357.57648,-316.66043,-491.5028,1
268,419.772,-373.23215,-378.70193,1
269,233.33182,-329.1074,-529.0272,1
270,445.55124,39.57767,174.87943,1
271,258.68497,-321.71548,-422.19604,1
272,301.90427,-285.06503,-327.6665,1
273,46.30777,-34.769184,214.49042,1
274,447.4061,-65.83467,-81.17385,1
275,416.70224,353.14975,355.82446,1
276,159.83058,-628.98895,184.38937,1
277,448.12845,-257.89075,55.341984,1
278,151.11972,-265.03406,-259.15518,1
279,-329.71017,134.60742,305.08368,1
280,-396.29416,-87.64743,-214.24867,1
281,-312.99078,40.069916,242.67438,1
282,308.4042,91.995026,136.20143,1
283,236.2515,126.12989,179.72223,1
284,284.17685,204.74043,259.35983,1
285,124.69116,-190.60062,405.8955,1
286,34.78041,-149.35529,486.14932,1
287,146.89462,-77.46173,462.60742,1
288,446.39435,-337.31094,479.829,1
289,498.4153,-297.58224,-373.83365,1
290,1.035471,-561.45355,58.61442,1
291,-177.42874,244.75679,-286.9076,1
292,129.25212,66.21476,296.47433,1
293,198.38162,536.4486,-362.97873,1
294,199.98189,-287.91745,577.2256,1
295,43.062008,417.04153,210.2288,1
296,234.21672,73.20713,359.62747,1
297,135.73375,-522.42645,-307.3354,1
298,94.001724,-512.7986,-417.08832,1
299,234.95625,-77.48734,361.41083,1
300,448.1691,-100.70264,62.98051,1
301,543.2271,-51.098396,48.72004,1
302,591.2975,-164.23572,39.374287,1
303,172.85371,662.0801,-224.17915,1
304,326.66187,639.2021,-255.84888,1
305,318.01514,606.2175,-381.03082,1
306,-298.01303,386.80005,24.28778,1
307,-285.7909,182.5771,-207.92818,1
308,-275.23904,263.5792,-278.70242,1
309,-177.73785,-84.00828,126.81377,1
310,-134.47005,-185.3609,138.57642,1
311,-58.33384,-101.39782,20.47423,1
312,58.444115,250.2527,-581.3592,1
313,505.61722,242.2173,-141.32414,1
314,423.25574,297.64563,-182.88708,1
315,-235.51202,140.66786,431.5724,1
316,-200.52863,23.928164,347.7301,1
317,-186.93813,-66.359795,286.19318,1
318,148.68951,-673.24536,-16.139399,1
319,-91.78277,-96.14624,191.52046,1
320,-18.374413,-677.98883,223.8796,1
321,430.91534,-221.01581,281.55286,1
322,301.4643,-249.79837,370.07166,1
323,368.29587,-292.0817,279.46225,1
324,-219.12503,-97.62147,7.047881,1
325,-134.77882,-602.93414,526.31335,1
326,118.93991,200.45024,1.2359482,1
327,6.8588963,486.60544,-482.4551,1
328,-233.9149,341.76508,99.73438,1
329,-317.64648,295.9143,162.64305,1
330,-438.1814,277.19366,195.82861,1
331,515.4938,-9.013744,-304.06174,1
332,598.1472,-1.3566054,-217.5782,1
333,-363.1558,86.41242,-260.6139,1
334,-335.03412,286.50256,-131.24084,1
335,-326.48962,135.09172,-404.53067,1
336,-184.02182,586.3311,-80.39927,1
337,-217.55287,252.2321,-84.410995,1
338,561.989,48.303288,-415.29282,1
339,63.69147,195.0315,398.3389,1
340,380.3233,-142.81525,-239.12582,1
341,123.46968,-384.28918,-155.08469,1
342,591.56665,-468.48593,-176.28195,1
343,544.05634,-546.997,-160.81398,1
344,594.857,-552.3875,-59.915962,1
345,155.00906,-72.15114,-127.6731,1
346,114.22747,-45.14606,-229.26314,1
347,56.810833,-110.707146,-160.54686,1
348,-389.70206,-292.69363,-180.50188,1
349,-383.76147,-241.59523,-72.86096,1
350,-129.76633,-58.93888,473.53482,1
351,-379.8484,305.1937,444.34354,1
352,-486.48624,287.1429,-398.64468,1
353,-428.55173,342.64032,-347.72183,1
354,38.410095,-469.47855,307.0865,1
355,116.78103,-425.1227,402.88943,1
356,64.00471,-377.78546,293.6273,1
357,-129.78526,451.5043,-518.57245,1
358,-295.07642,501.8703,-430.91678,1
359,-525.5128,130.46367,6.527907,1
360,79.28014,160.33559,-189.44888,1
361,164.80296,202.13507,-479.49487,1
362,183.54344,95.716576,-208.09616,1
